0 0.141234 0.406926 0.051948 0.112554
0 0.273133 0.452381 0.164773 0.183261
0 0.156250 0.537518 0.081981 0.154401
0 0.263799 0.730880 0.214286 0.388167
0 0.442370 0.667388 0.176948 0.160173
0 0.469156 0.852092 0.233766 0.295815
0 0.643669 0.784271 0.134740 0.330447
0 0.725649 0.522367 0.157468 0.245310
0 0.827922 0.536075 0.050325 0.197691
0 0.711445 0.400433 0.043019 0.076479
0 0.932224 0.502165 0.067370 0.207792
0 0.969562 0.447330 0.060876 0.138528
0 0.945211 0.733766 0.109578 0.281385
0 0.958198 0.694084 0.083604 0.144300
0 0.870130 0.903319 0.214286 0.193362