0 0.806006 0.458153 0.162338 0.567100
0 0.875406 0.500000 0.080357 0.445887
0 0.540584 0.214286 0.066558 0.157287
0 0.482955 0.225108 0.089286 0.118326
0 0.688718 0.132035 0.068994 0.093795
0 0.584821 0.681097 0.193994 0.588745
0 0.503247 0.432900 0.272727 0.268398
0 0.447240 0.639250 0.150974 0.181818
0 0.118506 0.777778 0.235390 0.444444
0 0.050325 0.846320 0.100649 0.307359
0 0.127435 0.583694 0.136364 0.174603
0 0.044237 0.523810 0.086851 0.326118
0 0.178977 0.474026 0.237825 0.295815
0 0.052760 0.354978 0.102273 0.242424
0 0.379464 0.395382 0.137175 0.415584
0 0.331981 0.416306 0.066558 0.217893
0 0.206981 0.318182 0.167208 0.139971
0 0.270698 0.248918 0.085227 0.139971
0 0.068588 0.234488 0.072240 0.105339