0 0.385146 0.565657 0.304383 0.447330
0 0.445617 0.681818 0.152597 0.177489
0 0.584010 0.724387 0.185877 0.551226
0 0.810065 0.498557 0.165584 0.578644
0 0.857143 0.508658 0.105519 0.480519
0 0.525568 0.238095 0.078734 0.135642
0 0.450893 0.258297 0.088474 0.132756
0 0.708198 0.146465 0.067370 0.096681
0 0.209821 0.330447 0.142045 0.150072
0 0.328328 0.272006 0.125812 0.145743
0 0.378653 0.325397 0.130682 0.281385
0 0.245130 0.272006 0.112013 0.096681
0 0.208198 0.460317 0.088474 0.170274
0 0.068588 0.443723 0.137175 0.171717
0 0.101055 0.801587 0.202110 0.376623
0 0.137175 0.632756 0.095779 0.223665
0 0.041396 0.589466 0.082792 0.157287
0 0.036120 0.359307 0.072240 0.098124
0 0.029221 0.298701 0.058442 0.092352
0 0.069399 0.269120 0.090097 0.134199