0 0.792614 0.509380 0.145292 0.582973
0 0.806006 0.489899 0.120130 0.336219
0 0.844562 0.119048 0.068994 0.116883
0 0.794643 0.139971 0.019481 0.063492
0 0.630276 0.210678 0.062500 0.124098
0 0.381494 0.247475 0.047078 0.165945
0 0.301542 0.424242 0.197240 0.395382
0 0.450487 0.649351 0.167208 0.219336
0 0.497159 0.514430 0.077110 0.148629
0 0.582386 0.520924 0.116071 0.152958
0 0.188312 0.303030 0.090909 0.129870
0 0.059659 0.269120 0.043019 0.111111
0 0.202110 0.683261 0.337662 0.451659
0 0.041802 0.665224 0.083604 0.256854
0 0.075081 0.426407 0.150162 0.189033
0 0.039773 0.469697 0.079545 0.171717