0 0.271104 0.747475 0.149351 0.239538
0 0.068588 0.592352 0.117695 0.191919
0 0.159903 0.577922 0.037338 0.177489
0 0.199675 0.533189 0.061688 0.137085
0 0.243912 0.609668 0.070617 0.174603
0 0.390016 0.612554 0.101461 0.163059
0 0.358360 0.546898 0.096591 0.126984
0 0.311282 0.534632 0.059253 0.122655
0 0.390828 0.515873 0.086851 0.131313
0 0.564529 0.829726 0.125812 0.285714
0 0.702516 0.831890 0.306006 0.336219
0 0.744724 0.740260 0.156656 0.210678
0 0.652597 0.643579 0.112013 0.233766
0 0.650974 0.489899 0.086039 0.079365
0 0.972808 0.527417 0.054383 0.154401
0 0.952110 0.680375 0.095779 0.206349
0 0.580763 0.502165 0.047890 0.132756
0 0.467938 0.518038 0.039773 0.115440
0 0.513393 0.546898 0.064123 0.202020