0 0.443994 0.865801 0.332792 0.268398
0 0.611201 0.864358 0.173701 0.259740
0 0.777192 0.623377 0.140422 0.253968
0 0.955763 0.694084 0.088474 0.196248
0 0.652597 0.516595 0.076299 0.115440
0 0.592127 0.500722 0.044643 0.129870
0 0.496347 0.626984 0.205357 0.232323
0 0.123782 0.808081 0.244318 0.372294
0 0.054789 0.615440 0.064123 0.160173
0 0.161120 0.565657 0.036526 0.132756
0 0.213068 0.536075 0.026786 0.125541
0 0.279627 0.588023 0.116071 0.217893
0 0.344156 0.515873 0.084416 0.119769
0 0.396916 0.629870 0.099026 0.148629
0 0.393669 0.497835 0.071429 0.115440
0 0.488231 0.546898 0.036526 0.173160