0 0.096997 0.596681 0.193994 0.431457
0 0.486607 0.485570 0.333604 0.367965
0 0.569805 0.670274 0.146104 0.318903
0 0.748782 0.764791 0.304383 0.409812
0 0.960227 0.676768 0.079545 0.334776
0 0.706169 0.431457 0.235390 0.216450
0 0.912744 0.345599 0.159903 0.240981
0 0.883117 0.160895 0.071429 0.246753
0 0.756088 0.272727 0.181006 0.196248
0 0.695211 0.167388 0.159903 0.248196
0 0.567370 0.217893 0.103896 0.121212
0 0.430601 0.259019 0.109578 0.157287
0 0.353084 0.200577 0.154221 0.239538
0 0.485795 0.212121 0.086851 0.138528