0 0.058442 0.479076 0.032468 0.121212
0 0.097403 0.479798 0.051948 0.206349
0 0.204545 0.579365 0.141234 0.243867
0 0.318994 0.631313 0.113636 0.220779
0 0.247159 0.493506 0.096591 0.121212
0 0.175325 0.479076 0.042208 0.086580
0 0.566558 0.673160 0.118506 0.209235
0 0.223620 0.464646 0.047890 0.037518
0 0.452922 0.573593 0.040584 0.128427
0 0.495130 0.544733 0.060065 0.168831
0 0.403409 0.547619 0.029221 0.163059
0 0.355114 0.547619 0.086851 0.226551
0 0.737013 0.598124 0.115260 0.217893
0 0.885958 0.870130 0.228084 0.222222
0 0.821023 0.583694 0.036526 0.105339
0 0.631494 0.583694 0.077922 0.151515
0 0.570617 0.516595 0.060065 0.190476