0 0.822240 0.139250 0.082792 0.105339
0 0.768669 0.156566 0.017857 0.062049
0 0.792614 0.498557 0.133929 0.535354
0 0.843344 0.515152 0.116883 0.357864
0 0.500406 0.746032 0.327110 0.490620
0 0.487419 0.520924 0.086851 0.161616
0 0.572240 0.508658 0.112013 0.111111
0 0.368912 0.424964 0.133929 0.425685
0 0.373377 0.253968 0.053571 0.155844
0 0.534497 0.235209 0.101461 0.132756
0 0.201299 0.398268 0.170455 0.242424
0 0.308036 0.458874 0.067370 0.196248
0 0.290179 0.273449 0.099838 0.070707
0 0.306412 0.310245 0.060877 0.063492
0 0.066153 0.497835 0.132305 0.248196
0 0.033279 0.570707 0.066558 0.255411
0 0.036526 0.671717 0.073052 0.255411
0 0.071023 0.413420 0.142045 0.183261
0 0.051948 0.269841 0.058442 0.126984