0 0.786932 0.521645 0.125812 0.552670
0 0.853896 0.431457 0.100649 0.389610
0 0.512175 0.242424 0.086039 0.132756
0 0.797484 0.132035 0.085227 0.111111
0 0.577110 0.733045 0.211039 0.522367
0 0.586851 0.518038 0.112013 0.167388
0 0.499594 0.518038 0.083604 0.152958
0 0.461039 0.661616 0.186688 0.226551
0 0.352273 0.419913 0.154221 0.395382
0 0.216315 0.397547 0.174513 0.243867
0 0.314935 0.444444 0.089286 0.225108
0 0.340909 0.277056 0.066558 0.098124
0 0.301136 0.328283 0.074675 0.088023
0 0.375812 0.248918 0.043831 0.148629
0 0.069399 0.507937 0.138798 0.245310
0 0.034091 0.664502 0.068182 0.240981
0 0.000000 0.440115 0.000000 0.000000
0 0.040179 0.563492 0.080357 0.252525
0 0.128247 0.425685 0.199675 0.225108
0 0.062094 0.270563 0.070617 0.131313
0 0.017857 0.331169 0.029221 0.128427