0 0.058847 0.479798 0.033279 0.137085
0 0.098620 0.477633 0.049513 0.213564
0 0.213474 0.577201 0.159091 0.239538
0 0.175731 0.476912 0.044643 0.064935
0 0.589286 0.669553 0.126623 0.204906
0 0.698052 0.580087 0.147727 0.285714
0 0.622159 0.579365 0.026786 0.116883
0 0.764205 0.621934 0.060877 0.164502
0 0.884334 0.878788 0.231331 0.242424
0 0.487013 0.554834 0.061688 0.180375
0 0.333198 0.579365 0.065747 0.191919
0 0.373377 0.490620 0.061688 0.155844
0 0.411526 0.551227 0.050325 0.129870
0 0.441558 0.531025 0.055195 0.075036