0 0.539773 0.853535 0.561688 0.292929
0 0.803571 0.439394 0.152597 0.532468
0 0.896916 0.450938 0.077922 0.350649
0 0.683442 0.370130 0.095779 0.347763
0 0.622565 0.574315 0.118506 0.531025
0 0.122565 0.761905 0.243506 0.467532
0 0.342127 0.592352 0.226461 0.261183
0 0.454951 0.588745 0.151786 0.242424
0 0.508523 0.441558 0.075487 0.118326
0 0.562094 0.451659 0.062500 0.144300
0 0.054789 0.494228 0.106331 0.350649
0 0.068588 0.357864 0.137175 0.190476
0 0.212662 0.283550 0.168831 0.134199
0 0.238231 0.387446 0.206981 0.206349
0 0.491883 0.350649 0.150974 0.147186
0 0.387175 0.325397 0.113636 0.255411
0 0.532468 0.183261 0.089286 0.144300
0 0.621753 0.185426 0.071429 0.116883
0 0.603490 0.100289 0.064123 0.079365
0 0.437906 0.250361 0.085227 0.113997
0 0.075081 0.212121 0.083604 0.112554
0 0.291802 0.230159 0.135552 0.137085