0 0.131494 0.396104 0.038961 0.116883
0 0.308847 0.710678 0.288149 0.353535
0 0.459821 0.840548 0.221591 0.313131
0 0.580357 0.685426 0.230519 0.329004
0 0.696834 0.602453 0.143669 0.102453
0 0.757305 0.832612 0.160714 0.294372
0 0.879870 0.896825 0.188312 0.206349
0 0.935065 0.717893 0.129870 0.272727
0 0.843344 0.520924 0.051948 0.187590
0 0.914367 0.487013 0.046266 0.177489
0 0.978896 0.459596 0.042208 0.160173
0 0.722808 0.471861 0.151786 0.170274
0 0.263799 0.462482 0.160714 0.220779
0 0.415990 0.520202 0.112825 0.160173