0 0.059253 0.479798 0.025974 0.125541
0 0.097403 0.476190 0.050325 0.202020
0 0.208198 0.568543 0.150162 0.230880
0 0.316964 0.625541 0.125812 0.249639
0 0.566964 0.668831 0.122565 0.203463
0 0.884740 0.869408 0.230519 0.217893
0 0.737825 0.598124 0.112013 0.215007
0 0.822240 0.582973 0.042208 0.106782
0 0.632711 0.582973 0.073864 0.150072
0 0.573052 0.521645 0.076299 0.183261
0 0.493506 0.544012 0.071429 0.158730
0 0.456575 0.571429 0.044643 0.118326
0 0.402597 0.544733 0.037338 0.163059
0 0.356331 0.510823 0.087662 0.202020
0 0.281250 0.463925 0.034903 0.073593
0 0.226867 0.466811 0.065747 0.053391
0 0.177760 0.476912 0.043831 0.070707