0 0.849026 0.747475 0.301948 0.505050
0 0.841315 0.515152 0.109578 0.077922
0 0.589692 0.511544 0.239448 0.529582
0 0.690747 0.528139 0.097403 0.196248
0 0.475649 0.467532 0.037338 0.190476
0 0.550325 0.415584 0.050325 0.106782
0 0.584416 0.447330 0.022727 0.043290
0 0.346997 0.483405 0.052760 0.129870
0 0.101461 0.557720 0.202922 0.304473
0 0.247565 0.491342 0.113636 0.203463
0 0.109578 0.373016 0.034091 0.090909
0 0.150974 0.352814 0.066558 0.125541
0 0.223214 0.383117 0.035714 0.090909
0 0.343344 0.457431 0.086039 0.101010