0 0.458198 0.711400 0.150162 0.248196
0 0.579545 0.603896 0.042208 0.157287
0 0.644886 0.619769 0.044643 0.171717
0 0.665179 0.550505 0.117695 0.168831
0 0.396916 0.538240 0.097403 0.121212
0 0.287744 0.552670 0.064123 0.126984
0 0.166802 0.718615 0.211851 0.317460
0 0.188718 0.621212 0.159903 0.148629
0 0.848620 0.512266 0.067370 0.150072
0 0.741477 0.520924 0.051136 0.115440
0 0.470373 0.518759 0.026786 0.113997
0 0.413555 0.463203 0.026786 0.066378
0 0.533685 0.476912 0.021916 0.070707
0 0.578734 0.487734 0.021104 0.083694
0 0.500000 0.449495 0.037338 0.070707
0 0.459821 0.445166 0.030032 0.044733
0 0.051136 0.523810 0.069805 0.155844