0 0.382711 0.855700 0.400162 0.288600
0 0.250812 0.718615 0.305195 0.291486
0 0.333604 0.515152 0.196429 0.230880
0 0.151786 0.467532 0.224026 0.233766
0 0.351461 0.413420 0.202922 0.232323
0 0.491477 0.512266 0.143669 0.349206
0 0.795455 0.764069 0.339286 0.471861
0 0.808847 0.730159 0.223214 0.271284
0 0.823864 0.571429 0.144481 0.300144
0 0.942370 0.505051 0.092532 0.262626
0 0.631494 0.706349 0.175325 0.492063
0 0.576705 0.484848 0.073864 0.227994
0 0.140016 0.561328 0.280032 0.323232
0 0.106737 0.847042 0.213474 0.305916