0 0.775568 0.510823 0.106331 0.279942
0 0.974432 0.507937 0.051136 0.412698
0 0.618506 0.782828 0.306818 0.434343
0 0.585633 0.560606 0.242695 0.292929
0 0.665179 0.566378 0.189123 0.252525
0 0.675731 0.735209 0.245942 0.295815
0 0.182630 0.866522 0.345779 0.266955
0 0.121347 0.720779 0.242694 0.310245
0 0.272727 0.575758 0.173701 0.473304
0 0.104708 0.580808 0.209416 0.255411
0 0.049107 0.442280 0.098214 0.119769
0 0.151786 0.405483 0.150974 0.173160
0 0.406656 0.521645 0.133117 0.434343
0 0.357143 0.866522 0.290584 0.266955