0 0.313718 0.660173 0.377435 0.549784
0 0.493101 0.499278 0.078734 0.132756
0 0.579140 0.506494 0.112825 0.161616
0 0.449675 0.660895 0.163961 0.187590
0 0.793425 0.489177 0.133929 0.536797
0 0.843344 0.502165 0.079545 0.340548
0 0.836039 0.107504 0.069805 0.131313
0 0.787338 0.144300 0.022727 0.063492
0 0.596997 0.213564 0.077110 0.141414
0 0.375000 0.236652 0.053571 0.167388
0 0.306818 0.318182 0.074675 0.090909
0 0.328734 0.388167 0.207792 0.297258
0 0.214286 0.288600 0.099026 0.118326
0 0.130276 0.407648 0.197240 0.191919
0 0.066964 0.502886 0.133928 0.266955
0 0.038555 0.656566 0.077110 0.242424
0 0.053977 0.265512 0.052760 0.126984
0 0.044237 0.541126 0.088474 0.314574