0 0.565341 0.538240 0.247565 0.499278
0 0.661526 0.564214 0.105519 0.230880
0 0.909903 0.626263 0.180194 0.300144
0 0.899351 0.839827 0.201298 0.199134
0 0.989448 0.606782 0.021104 0.165945
0 0.839692 0.500722 0.036526 0.080808
0 0.452110 0.513709 0.037338 0.161616
0 0.520698 0.449495 0.054383 0.099567
0 0.320211 0.507215 0.049513 0.113997
0 0.305195 0.476190 0.048701 0.103896
0 0.217127 0.515152 0.140422 0.227994
0 0.103490 0.582251 0.124188 0.304473
0 0.117289 0.404040 0.054383 0.161616
0 0.078734 0.406205 0.035714 0.088023