0 0.078328 0.630592 0.156656 0.378066
0 0.214692 0.468975 0.288149 0.551227
0 0.101867 0.292208 0.171266 0.264069
0 0.351055 0.269841 0.142045 0.225108
0 0.475649 0.763348 0.188312 0.424242
0 0.679383 0.788600 0.250000 0.422799
0 0.706169 0.613997 0.318182 0.212121
0 0.609984 0.470418 0.211851 0.216450
0 0.691153 0.437951 0.190747 0.324675
0 0.881088 0.419913 0.146916 0.233766
0 0.829545 0.266234 0.155844 0.177489
0 0.620536 0.265512 0.132305 0.193362
0 0.534497 0.319625 0.091721 0.168831
0 0.524351 0.214286 0.055195 0.085137