0 0.237419 0.655844 0.374188 0.468975
0 0.153409 0.235209 0.105519 0.383838
0 0.314935 0.240981 0.191558 0.167388
0 0.271510 0.414863 0.159903 0.281385
0 0.502029 0.580087 0.265422 0.484848
0 0.492695 0.424242 0.047078 0.075036
0 0.623377 0.608225 0.238636 0.497835
0 0.586039 0.337662 0.172078 0.193362
0 0.530032 0.274170 0.185065 0.176046
0 0.520292 0.191198 0.123377 0.090909
0 0.651380 0.242424 0.120942 0.204906
0 0.787744 0.216450 0.051136 0.144300
0 0.854708 0.318903 0.271104 0.230880
0 0.883929 0.432900 0.232142 0.176046
0 0.876218 0.547619 0.247564 0.258297
0 0.963474 0.761183 0.073052 0.457431
0 0.957792 0.240260 0.084416 0.134199