0 0.581169 0.704185 0.215909 0.591630
0 0.806412 0.487013 0.169643 0.578644
0 0.864854 0.497835 0.078734 0.404040
0 0.507305 0.249639 0.107143 0.144300
0 0.753653 0.153680 0.052760 0.131313
0 0.760552 0.165224 0.029221 0.062049
0 0.423295 0.275613 0.064123 0.129870
0 0.382711 0.240260 0.039773 0.119769
0 0.331575 0.290043 0.120942 0.141414
0 0.319399 0.460317 0.067370 0.242424
0 0.380276 0.411255 0.125812 0.406926
0 0.447240 0.674603 0.128247 0.191919
0 0.497971 0.521645 0.075487 0.157287
0 0.059659 0.277778 0.065747 0.125541
0 0.219156 0.370851 0.155844 0.204906
0 0.195617 0.301587 0.086039 0.109668
0 0.150162 0.606782 0.300324 0.333333
0 0.075487 0.800866 0.150974 0.349206
0 0.058442 0.446609 0.112013 0.122655
0 0.020698 0.376623 0.041396 0.103896