0 0.775162 0.125541 0.034091 0.118326
0 0.803571 0.525253 0.121753 0.476190
0 0.859578 0.438672 0.108766 0.461760
0 0.583604 0.703463 0.199675 0.572872
0 0.466315 0.663059 0.168019 0.252525
0 0.505682 0.509380 0.079545 0.170274
0 0.372565 0.421356 0.144481 0.404040
0 0.322240 0.453102 0.074675 0.207792
0 0.508523 0.246753 0.085227 0.141414
0 0.377841 0.277056 0.080357 0.155844
0 0.392045 0.219336 0.055195 0.077922
0 0.217938 0.388889 0.166396 0.223665
0 0.299919 0.318903 0.093344 0.132756
0 0.217938 0.307359 0.044643 0.109668
0 0.037338 0.665224 0.074675 0.219336
0 0.022727 0.526696 0.045454 0.106782
0 0.047078 0.538961 0.094156 0.269841
0 0.075487 0.491342 0.150974 0.249639
0 0.092532 0.320346 0.128247 0.126984
0 0.123377 0.354978 0.129870 0.132756
0 0.066964 0.260462 0.060877 0.108225