0 0.569399 0.660173 0.127435 0.212121
0 0.622565 0.574315 0.087662 0.147186
0 0.733766 0.601732 0.102273 0.225108
0 0.823864 0.577201 0.022727 0.083694
0 0.886364 0.872294 0.227272 0.223665
0 0.349026 0.620491 0.077922 0.230880
0 0.406656 0.553391 0.035714 0.157287
0 0.497565 0.547619 0.056818 0.160173
0 0.463474 0.567821 0.030844 0.102453
0 0.426136 0.546176 0.029221 0.044733
0 0.205763 0.582973 0.143669 0.230880
0 0.183847 0.487734 0.052760 0.092352
0 0.295860 0.494949 0.068994 0.202020
0 0.104302 0.476190 0.047890 0.207792
0 0.062906 0.475469 0.026786 0.128427