0 0.834416 0.595960 0.146104 0.253968
0 0.948458 0.693362 0.103084 0.226551
0 0.521916 0.854257 0.282468 0.291486
0 0.198052 0.836219 0.316558 0.327561
0 0.057224 0.606782 0.112825 0.183261
0 0.147321 0.555556 0.031656 0.129870
0 0.209821 0.556277 0.039773 0.145743
0 0.238231 0.595960 0.059253 0.150072
0 0.330357 0.590188 0.092532 0.161616
0 0.385552 0.608225 0.092532 0.142857
0 0.560065 0.630592 0.160714 0.230880
0 0.644075 0.494228 0.078734 0.142857
0 0.584416 0.486291 0.045455 0.118326
0 0.479708 0.531025 0.055195 0.152958
0 0.387175 0.492785 0.063312 0.111111
0 0.024756 0.826840 0.049512 0.219336