0 0.102273 0.555556 0.204545 0.406926
0 0.255682 0.375902 0.306818 0.503608
0 0.725244 0.725830 0.265422 0.516595
0 0.547484 0.642136 0.164773 0.372294
0 0.812500 0.610390 0.316558 0.383838
0 0.644075 0.381674 0.221591 0.304473
0 0.770698 0.215007 0.060877 0.202020
0 0.716315 0.172439 0.142045 0.223665
0 0.647321 0.207792 0.142045 0.193362
0 0.560877 0.221501 0.082792 0.186147
0 0.435877 0.236652 0.178571 0.253968
0 0.356737 0.186147 0.137175 0.245310
0 0.426542 0.097403 0.088474 0.154401
0 0.924513 0.293651 0.141234 0.220779
0 0.979302 0.417749 0.041396 0.272727
0 0.893669 0.132035 0.090909 0.220779