0 0.056818 0.471861 0.040584 0.135642
0 0.094562 0.488456 0.049513 0.203463
0 0.203328 0.582251 0.142045 0.232323
0 0.248782 0.485570 0.088474 0.128427
0 0.175731 0.483405 0.043019 0.072150
0 0.594562 0.668831 0.132305 0.206349
0 0.697240 0.577922 0.144481 0.275613
0 0.612825 0.566378 0.022727 0.085137
0 0.821023 0.582251 0.031656 0.102453
0 0.884740 0.867965 0.230519 0.223665
0 0.490666 0.550505 0.064123 0.165945
0 0.387987 0.541847 0.121753 0.229437
0 0.301948 0.535354 0.058442 0.216450
0 0.760552 0.632756 0.063312 0.180375