0 0.058036 0.472583 0.041396 0.157287
0 0.095779 0.481241 0.048701 0.200577
0 0.169643 0.462482 0.042208 0.082251
0 0.209821 0.445166 0.057630 0.085137
0 0.248377 0.472583 0.099026 0.096681
0 0.181818 0.575758 0.110390 0.204906
0 0.258929 0.634199 0.108766 0.258297
0 0.407468 0.551227 0.071429 0.317460
0 0.459821 0.572150 0.059253 0.125541
0 0.491883 0.534632 0.066558 0.134199
0 0.558442 0.667388 0.116883 0.220779
0 0.594968 0.591631 0.094156 0.317460
0 0.650568 0.586580 0.044643 0.148629
0 0.808036 0.621212 0.143669 0.206349
0 0.885552 0.864358 0.228896 0.227994