0 0.096185 0.639971 0.192370 0.402597
0 0.072646 0.403319 0.145292 0.209235
0 0.344562 0.248196 0.151786 0.253968
0 0.541802 0.287879 0.077110 0.180375
0 0.468344 0.349928 0.134740 0.226551
0 0.564935 0.198413 0.038961 0.079365
0 0.681006 0.207071 0.159091 0.229437
0 0.781656 0.270563 0.155844 0.131313
0 0.886769 0.194805 0.099838 0.170274
0 0.918831 0.338384 0.142857 0.151515
0 0.731331 0.409091 0.241883 0.220779
0 0.780844 0.465368 0.365260 0.316017
0 0.564529 0.710678 0.171266 0.304473
0 0.746347 0.752525 0.377435 0.445887