0 0.736607 0.141414 0.070617 0.086580
0 0.809253 0.492785 0.173701 0.575758
0 0.871753 0.511544 0.081169 0.382395
0 0.583198 0.721501 0.206981 0.556998
0 0.441964 0.663059 0.151786 0.174603
0 0.506088 0.512266 0.078734 0.152958
0 0.260146 0.590909 0.312500 0.402597
0 0.090503 0.794372 0.181006 0.411255
0 0.374594 0.402597 0.116071 0.404040
0 0.224432 0.378066 0.161526 0.227994
0 0.218750 0.299423 0.094968 0.125541
0 0.303977 0.292208 0.093344 0.157287
0 0.068182 0.272006 0.074675 0.125541
0 0.038555 0.353535 0.075487 0.092352
0 0.052760 0.414863 0.105519 0.102453
0 0.066558 0.512987 0.131494 0.255411
0 0.519886 0.248196 0.094968 0.155844
0 0.434659 0.257576 0.062500 0.119769
0 0.385958 0.233045 0.051136 0.111111