0 0.536526 0.689755 0.123377 0.222222
0 0.688718 0.595960 0.067370 0.164502
0 0.866883 0.503608 0.069805 0.150072
0 0.833604 0.505772 0.058442 0.128427
0 0.754870 0.530303 0.061688 0.139971
0 0.653409 0.523088 0.089286 0.174603
0 0.417614 0.536075 0.094968 0.151515
0 0.200893 0.707071 0.182630 0.279942
0 0.264205 0.634921 0.135552 0.190476
0 0.053977 0.529582 0.107954 0.155844
0 0.317776 0.542569 0.081981 0.103896
0 0.548701 0.473304 0.014610 0.080808
0 0.566153 0.474026 0.012175 0.082251
0 0.594968 0.477633 0.027597 0.106782
0 0.502029 0.525253 0.046266 0.115440
0 0.504464 0.433622 0.049513 0.059163
0 0.439123 0.462482 0.035714 0.044733
0 0.596591 0.598846 0.050325 0.138528