0 0.642857 0.503608 0.076299 0.109668
0 0.577110 0.490620 0.042208 0.121212
0 0.891640 0.577922 0.130682 0.212121
0 0.954140 0.694805 0.091720 0.226551
0 0.991071 0.536797 0.017857 0.152958
0 0.621347 0.842713 0.226461 0.314574
0 0.351055 0.832612 0.328734 0.334776
0 0.085227 0.817460 0.163961 0.272727
0 0.061282 0.580087 0.116071 0.202020
0 0.198458 0.539683 0.043019 0.141414
0 0.146510 0.562771 0.034903 0.112554
0 0.243101 0.601010 0.068994 0.157287
0 0.380276 0.609668 0.090097 0.165945
0 0.594968 0.594517 0.112013 0.230880
0 0.506088 0.569986 0.041396 0.150072
0 0.465503 0.527417 0.049513 0.148629
0 0.327922 0.524531 0.089286 0.119769
0 0.387175 0.490620 0.069805 0.106782