0 0.685471 0.864358 0.179383 0.271284
0 0.804789 0.621934 0.195617 0.219336
0 0.338880 0.796537 0.271916 0.369408
0 0.542208 0.763348 0.206169 0.265512
0 0.392451 0.658730 0.146916 0.134199
0 0.461445 0.598124 0.109578 0.113997
0 0.112419 0.861472 0.221591 0.251082
0 0.079951 0.694805 0.159902 0.258297
0 0.176542 0.608225 0.104708 0.174603
0 0.318182 0.604618 0.084416 0.158730
0 0.406250 0.549062 0.085227 0.131313
0 0.462662 0.515873 0.074675 0.093795
0 0.568994 0.556999 0.076299 0.152958
0 0.669643 0.520202 0.042208 0.125541
0 0.746753 0.518759 0.084416 0.073593