0 0.096591 0.612554 0.193182 0.385281
0 0.768263 0.756854 0.374188 0.486291
0 0.591721 0.712121 0.202922 0.333333
0 0.646104 0.557720 0.373377 0.440115
0 0.816153 0.487734 0.242695 0.303030
0 0.915584 0.330447 0.147727 0.210678
0 0.775162 0.297258 0.162338 0.210678
0 0.887987 0.183261 0.100649 0.225108
0 0.699675 0.198413 0.175325 0.255411
0 0.349026 0.228716 0.160714 0.246753
0 0.445211 0.350649 0.107955 0.291486
0 0.490666 0.274892 0.098214 0.215007
0 0.552760 0.204185 0.024351 0.145743
0 0.545860 0.254690 0.064123 0.145743