0 0.726867 0.672439 0.283279 0.502165
0 0.751218 0.426407 0.270292 0.191919
0 0.549513 0.563492 0.176948 0.341991
0 0.882305 0.328283 0.209416 0.330447
0 0.645292 0.303030 0.227273 0.271284
0 0.099026 0.479076 0.194805 0.432900
0 0.250406 0.301587 0.289773 0.545455
0 0.634740 0.160895 0.055195 0.139971
0 0.693182 0.106782 0.118506 0.184704
0 0.758929 0.153680 0.061688 0.177489
0 0.894886 0.106782 0.132305 0.170274
0 0.889205 0.178211 0.068994 0.186147
0 0.579545 0.080808 0.092532 0.124098
0 0.572240 0.153680 0.105519 0.186147
0 0.504464 0.145022 0.114448 0.229437
0 0.375000 0.115440 0.142857 0.222222