0 0.805601 0.450216 0.145292 0.548341
0 0.897727 0.480519 0.077922 0.375180
0 0.543425 0.204906 0.070617 0.167388
0 0.530032 0.218615 0.097403 0.116883
0 0.662338 0.126984 0.086039 0.106782
0 0.593344 0.722944 0.214286 0.536797
0 0.457792 0.614719 0.157468 0.230880
0 0.594968 0.409812 0.204545 0.317460
0 0.488636 0.475469 0.035714 0.122655
0 0.166396 0.842713 0.329545 0.314574
0 0.135552 0.652958 0.225649 0.206349
0 0.166802 0.602453 0.177760 0.206349
0 0.043019 0.502886 0.086038 0.269841
0 0.234984 0.455988 0.255682 0.343434
0 0.382711 0.383117 0.127435 0.388167
0 0.341315 0.245310 0.143669 0.141414
0 0.208198 0.310245 0.174513 0.167388
0 0.039367 0.348485 0.078734 0.116883
0 0.065747 0.228716 0.074675 0.090909
0 0.145292 0.262626 0.129870 0.115440
0 0.377841 0.181818 0.047890 0.101010