0 0.797078 0.548341 0.125000 0.476190
0 0.866477 0.413420 0.094968 0.391053
0 0.786932 0.121934 0.043019 0.108225
0 0.498377 0.255411 0.047078 0.150072
0 0.373377 0.430736 0.146104 0.405483
0 0.503653 0.513709 0.085227 0.135642
0 0.470373 0.660895 0.202110 0.216450
0 0.588474 0.741703 0.150974 0.516594
0 0.588880 0.506494 0.101461 0.167388
0 0.321023 0.448773 0.070617 0.184704
0 0.202922 0.404762 0.178571 0.226551
0 0.302354 0.329726 0.096591 0.139971
0 0.357955 0.281385 0.073052 0.109668
0 0.381899 0.238095 0.043019 0.141414
0 0.068994 0.504329 0.137987 0.252525
0 0.046672 0.555556 0.093344 0.253968
0 0.040990 0.670274 0.081980 0.243867
0 0.062906 0.372294 0.125812 0.135642
0 0.048295 0.308081 0.096590 0.059163
0 0.066153 0.260462 0.064123 0.082251