0 0.383929 0.739538 0.397727 0.396825
0 0.740260 0.784993 0.375000 0.430014
0 0.900974 0.779221 0.198052 0.308802
0 0.912744 0.515873 0.174512 0.298701
0 0.911526 0.393939 0.137987 0.181818
0 0.682224 0.261183 0.148539 0.274170
0 0.592938 0.262626 0.086851 0.126984
0 0.575893 0.412698 0.159903 0.279942
0 0.440341 0.507937 0.293019 0.230880
0 0.068588 0.374459 0.137175 0.252525
0 0.335633 0.295815 0.143669 0.279942
0 0.475649 0.315296 0.076299 0.223665
0 0.879870 0.198413 0.050325 0.163059
0 0.901786 0.282828 0.058442 0.069264