0 0.049107 0.476912 0.034903 0.137085
0 0.096997 0.479798 0.049513 0.215007
0 0.199269 0.577922 0.135552 0.217893
0 0.265422 0.632035 0.116883 0.242424
0 0.254058 0.465368 0.087662 0.085137
0 0.172890 0.468254 0.050325 0.064935
0 0.398945 0.538961 0.083604 0.278499
0 0.299107 0.506494 0.056006 0.043290
0 0.448052 0.576479 0.060065 0.119769
0 0.487419 0.551948 0.057630 0.174603
0 0.560877 0.665224 0.128247 0.204906
0 0.581981 0.579365 0.103896 0.264069
0 0.641234 0.582251 0.068182 0.157287
0 0.754464 0.612554 0.138799 0.206349
0 0.817370 0.580808 0.034091 0.099567
0 0.882711 0.872294 0.234578 0.232323