0 0.722403 0.710678 0.248377 0.503608
0 0.750000 0.463203 0.300325 0.213564
0 0.522321 0.616162 0.181006 0.401154
0 0.101461 0.520924 0.202922 0.398268
0 0.249594 0.339827 0.310877 0.529582
0 0.209821 0.145743 0.166396 0.176046
0 0.642045 0.343434 0.207792 0.262626
0 0.783279 0.292929 0.191558 0.227994
0 0.921266 0.265512 0.144481 0.271284
0 0.870536 0.122655 0.151786 0.219336
0 0.667614 0.149351 0.135552 0.212121
0 0.562500 0.081530 0.063312 0.093795
0 0.561688 0.177489 0.081169 0.170274
0 0.494318 0.184704 0.094156 0.204906
0 0.400568 0.088023 0.122565 0.150072