0 0.055195 0.480519 0.025974 0.124098
0 0.092532 0.489177 0.050325 0.199134
0 0.204951 0.595238 0.150162 0.249639
0 0.176948 0.486291 0.037338 0.060606
0 0.244724 0.477633 0.103084 0.109668
0 0.280844 0.569264 0.050325 0.119769
0 0.317776 0.564935 0.056006 0.113997
0 0.358360 0.545455 0.091721 0.155844
0 0.367289 0.565657 0.033279 0.124098
0 0.461445 0.555556 0.125812 0.265512
0 0.604302 0.668831 0.124188 0.189033
0 0.691964 0.577922 0.135552 0.272727
0 0.551542 0.580808 0.033279 0.113997
0 0.821429 0.590188 0.030844 0.103896
0 0.887175 0.866522 0.225649 0.212121