0 0.056006 0.474747 0.032468 0.121212
0 0.093750 0.483405 0.051136 0.196248
0 0.201299 0.579365 0.144481 0.226551
0 0.290179 0.625541 0.085227 0.243867
0 0.174107 0.480519 0.044643 0.066378
0 0.257305 0.467532 0.079545 0.106782
0 0.377029 0.548341 0.088474 0.239538
0 0.442776 0.569986 0.023539 0.103896
0 0.489448 0.554113 0.073052 0.176046
0 0.568588 0.666667 0.112825 0.199134
0 0.560877 0.534632 0.077922 0.212121
0 0.631088 0.582251 0.091721 0.154401
0 0.733360 0.594517 0.119318 0.210678
0 0.815341 0.577922 0.026786 0.108225
0 0.885146 0.872294 0.229708 0.217893