0 0.169643 0.685426 0.337662 0.522367
0 0.298295 0.640693 0.351461 0.418470
0 0.191964 0.450216 0.265422 0.294372
0 0.038149 0.457431 0.073052 0.176046
0 0.075893 0.351371 0.151786 0.217893
0 0.426542 0.250361 0.109578 0.217893
0 0.310471 0.279221 0.148539 0.229437
0 0.198458 0.297258 0.153409 0.187590
0 0.759740 0.799423 0.480519 0.378066
0 0.887987 0.748196 0.224026 0.359307
0 0.905438 0.589466 0.189123 0.249639
0 0.677760 0.438672 0.292208 0.357864
0 0.562094 0.388167 0.205357 0.236652
0 0.544237 0.205628 0.098214 0.096681
0 0.665179 0.298701 0.159903 0.155844
0 0.843750 0.404040 0.205357 0.213564