0 0.137987 0.398990 0.048701 0.108225
0 0.258117 0.475469 0.183442 0.215007
0 0.348214 0.489899 0.102273 0.157287
0 0.264610 0.727994 0.211039 0.391053
0 0.467127 0.847763 0.229708 0.304473
0 0.530438 0.670996 0.179383 0.176046
0 0.696834 0.815296 0.168019 0.369408
0 0.728490 0.512987 0.155032 0.229437
0 0.839286 0.536075 0.024351 0.194805
0 0.924513 0.493506 0.055195 0.184704
0 0.971997 0.468254 0.056006 0.180375
0 0.870536 0.754690 0.258928 0.311688
0 0.940747 0.615440 0.118506 0.064935
0 0.891234 0.901154 0.217532 0.197691