0 0.101461 0.758297 0.202922 0.483405
0 0.773133 0.850649 0.453734 0.298701
0 0.836039 0.439394 0.115260 0.321789
0 0.729302 0.379509 0.093344 0.473304
0 0.617695 0.439394 0.116883 0.443001
0 0.651380 0.215729 0.065747 0.186147
0 0.034903 0.458153 0.069805 0.298701
0 0.202516 0.414863 0.236201 0.310245
0 0.176542 0.261905 0.177760 0.122655
0 0.288149 0.247475 0.087662 0.108225
0 0.091315 0.188312 0.046266 0.154401
0 0.028815 0.196248 0.057630 0.118326
0 0.492289 0.323232 0.138799 0.124098
0 0.478084 0.556999 0.212662 0.285714
0 0.405032 0.605339 0.146104 0.128427
0 0.471997 0.408369 0.077110 0.083694
0 0.545455 0.414863 0.099026 0.145743
0 0.583198 0.157287 0.067370 0.109668
0 0.525568 0.095238 0.047890 0.103896
0 0.493912 0.123377 0.096591 0.079365
0 0.478084 0.185426 0.121753 0.137085
0 0.387175 0.293651 0.112013 0.318903
0 0.335227 0.222944 0.069805 0.128427
0 0.379464 0.170274 0.067370 0.106782
0 0.302354 0.155844 0.078734 0.109668