0 0.174513 0.382395 0.051948 0.101010
0 0.304789 0.435065 0.164773 0.206349
0 0.394886 0.469697 0.088474 0.160173
0 0.267451 0.650072 0.184253 0.278499
0 0.466721 0.718615 0.342532 0.329004
0 0.500000 0.834776 0.230519 0.316017
0 0.617289 0.480519 0.171266 0.173160
0 0.750812 0.479076 0.128247 0.242424
0 0.898539 0.595238 0.110390 0.212121
0 0.848620 0.811688 0.242695 0.347763
0 0.906656 0.879509 0.186688 0.240981
0 0.875406 0.479798 0.090097 0.171717
0 0.950487 0.465368 0.051948 0.215007
0 0.969968 0.683261 0.060064 0.261183