0 0.661932 0.863636 0.177760 0.258297
0 0.922078 0.606061 0.155844 0.187590
0 0.979302 0.733045 0.041396 0.210678
0 0.693588 0.510101 0.077110 0.102453
0 0.276786 0.841270 0.274351 0.317460
0 0.415584 0.712843 0.214286 0.305916
0 0.480925 0.601010 0.093344 0.105339
0 0.666802 0.629870 0.203734 0.215007
0 0.633929 0.510823 0.037338 0.121212
0 0.204951 0.618326 0.176136 0.232323
0 0.043831 0.662338 0.087662 0.204906
0 0.390422 0.541847 0.079545 0.119769
0 0.437906 0.505051 0.072240 0.109668
0 0.532873 0.534632 0.049513 0.125541