0 0.097808 0.535354 0.181006 0.479076
0 0.258929 0.318903 0.288961 0.565657
0 0.549107 0.640693 0.150162 0.455988
0 0.715503 0.709235 0.231331 0.523810
0 0.748377 0.452381 0.293831 0.203463
0 0.643669 0.337662 0.222403 0.245310
0 0.933036 0.405483 0.133928 0.274170
0 0.935877 0.233766 0.128246 0.129870
0 0.899351 0.121212 0.099026 0.242424
0 0.766640 0.185426 0.057630 0.191919
0 0.700893 0.143579 0.111201 0.183261
0 0.595779 0.135642 0.102273 0.124098
0 0.578734 0.199134 0.086039 0.161616
0 0.503247 0.182540 0.097403 0.203463
0 0.369318 0.225830 0.202922 0.252525
0 0.378653 0.134199 0.146916 0.167388
0 0.437500 0.069986 0.082792 0.119769