0 0.140016 0.394661 0.049513 0.108225
0 0.276380 0.455267 0.159903 0.203463
0 0.284497 0.715729 0.200487 0.343434
0 0.469156 0.842713 0.219156 0.314574
0 0.469968 0.680375 0.246753 0.298701
0 0.462662 0.510101 0.191558 0.122655
0 0.500000 0.436508 0.037338 0.053391
0 0.720373 0.499278 0.146916 0.216450
0 0.762175 0.636364 0.136364 0.181818
0 0.788555 0.837662 0.189123 0.324675
0 0.899351 0.896104 0.201298 0.199134
0 0.944805 0.718615 0.110390 0.291486
0 0.853490 0.531025 0.067370 0.222222
0 0.926542 0.490620 0.056006 0.176046
0 0.985390 0.483405 0.029220 0.181818