0 0.890016 0.872294 0.219968 0.203463
0 0.745536 0.584416 0.096591 0.256854
0 0.821023 0.585859 0.021916 0.095238
0 0.572646 0.664502 0.120942 0.191919
0 0.664367 0.580087 0.130682 0.259740
0 0.493506 0.551948 0.066558 0.154401
0 0.404221 0.554113 0.032468 0.155844
0 0.436282 0.544012 0.052760 0.089466
0 0.207792 0.575036 0.144481 0.226551
0 0.100649 0.479798 0.050325 0.223665
0 0.061282 0.475469 0.030032 0.119769
0 0.181818 0.483405 0.040584 0.072150
0 0.304383 0.518038 0.079545 0.225108
0 0.340909 0.519481 0.082792 0.092352
0 0.360795 0.607504 0.060877 0.204906