0 0.586445 0.847042 0.176136 0.262626
0 0.652192 0.621212 0.103084 0.229437
0 0.647727 0.496392 0.082792 0.095238
0 0.581169 0.485570 0.024351 0.119769
0 0.329951 0.712121 0.106331 0.246753
0 0.072646 0.591631 0.120942 0.184704
0 0.197646 0.540404 0.059253 0.125541
0 0.245536 0.607504 0.060877 0.150072
0 0.160714 0.567100 0.035714 0.135642
0 0.474838 0.535354 0.025974 0.115440
0 0.530032 0.572150 0.045455 0.157287
0 0.551542 0.507215 0.039773 0.111111
0 0.860390 0.831169 0.279220 0.326118
0 0.789367 0.694084 0.122565 0.227994
0 0.956981 0.668831 0.086038 0.171717
0 0.393263 0.597403 0.090097 0.144300
0 0.338474 0.531746 0.112013 0.137085
0 0.392857 0.501443 0.086039 0.108225