0 0.885146 0.867244 0.229708 0.230880
0 0.601461 0.666667 0.125000 0.196248
0 0.700081 0.598124 0.138799 0.269841
0 0.821429 0.580087 0.027597 0.103896
0 0.430195 0.557720 0.128247 0.264069
0 0.365260 0.568543 0.029221 0.124098
0 0.333604 0.489177 0.079545 0.077922
0 0.053571 0.489899 0.032468 0.122655
0 0.094562 0.476190 0.049513 0.202020
0 0.202922 0.592352 0.139610 0.238095
0 0.247159 0.513709 0.093344 0.178932
0 0.172890 0.488456 0.047078 0.082251
0 0.544237 0.572872 0.036526 0.112554
0 0.497971 0.546176 0.057630 0.142857