0 0.766234 0.877345 0.311688 0.245310
0 0.116477 0.753968 0.224838 0.477633
0 0.053166 0.468254 0.103084 0.310245
0 0.414367 0.584416 0.255682 0.242424
0 0.450081 0.629870 0.172890 0.160173
0 0.504870 0.440115 0.074675 0.121212
0 0.554789 0.441558 0.041396 0.184704
0 0.629058 0.496392 0.123377 0.421356
0 0.684253 0.326840 0.073052 0.330447
0 0.799513 0.430736 0.142857 0.546898
0 0.883929 0.431457 0.074675 0.323232
0 0.232143 0.412698 0.233766 0.294372
0 0.090097 0.312410 0.163961 0.232323
0 0.201705 0.274170 0.172890 0.129870
0 0.062906 0.206349 0.080357 0.109668
0 0.613231 0.171717 0.072240 0.126984
0 0.560065 0.101732 0.043831 0.090909
0 0.519481 0.174603 0.095779 0.141414
0 0.473620 0.212121 0.151786 0.126984
0 0.504870 0.318182 0.131494 0.160173
0 0.398539 0.317460 0.126623 0.314574
0 0.319805 0.192641 0.087662 0.082251
0 0.372565 0.161616 0.060065 0.112554