0 0.142857 0.616162 0.168831 0.331890
0 0.227679 0.546898 0.145292 0.236652
0 0.559659 0.575758 0.276786 0.493506
0 0.641234 0.542569 0.129870 0.308802
0 0.510552 0.471140 0.068182 0.093795
0 0.452516 0.523088 0.038149 0.191919
0 0.835633 0.523810 0.026786 0.092352
0 0.941558 0.652237 0.116883 0.277056
0 0.898539 0.833333 0.202922 0.165945
0 0.315341 0.529582 0.049513 0.124098
0 0.225649 0.417027 0.061688 0.077922
0 0.297890 0.425685 0.042208 0.086580
0 0.190747 0.436508 0.042208 0.082251
0 0.075893 0.430014 0.036526 0.092352
0 0.114042 0.411977 0.056006 0.122655
0 0.130682 0.411255 0.024351 0.057720